000000000 00000000
000000001 00000001
000000010 00000010
000000011 00000011
000000100 00000100
000000101 00000101
000000110 00000110
000000111 00000111
000001000 00001000
000001001 00001001
000001010 00001010
000001011 00001011
000001100 00001100
000001101 00001101
000001110 00001110
000001111 00001111
000010000 00010000
000010001 00010001
000010010 00010010
000010011 00010011
000010100 00010100
000010101 00010101
000010110 00010110
000010111 00010111
000011000 00011000
000011001 00011001
000011010 00011010
000011011 00011011
000011100 00011100
000011101 00011101
000011110 00011110
000011111 00011111
000100000 00100000
000100001 00100001
000100010 00100010
000100011 00100011
000100100 00100100
000100101 00100101
000100110 00100110
000100111 00100111
000101000 00101000
000101001 00101001
000101010 00101010
000101011 00101011
000101100 00101100
000101101 00101101
000101110 00101110
000101111 00101111
000110000 00110000
000110001 00110001
000110010 00110010
000110011 00110011
000110100 00110100
000110101 00110101
000110110 00110110
000110111 00110111
000111000 00111000
000111001 00111001
000111010 00111010
000111011 00111011
000111100 00111100
000111101 00111101
000111110 00111110
000111111 00111111
001000000 01000000
001000001 01000001
001000010 01000010
001000011 01000011
001000100 01000100
001000101 01000101
001000110 01000110
001000111 01000111
001001000 01001000
001001001 01001001
001001010 01001010
001001011 01001011
001001100 01001100
001001101 01001101
001001110 01001110
001001111 01001111
001010000 01010000
001010001 01010001
001010010 01010010
001010011 01010011
001010100 01010100
001010101 01010101
001010110 01010110
001010111 01010111
001011000 01011000
001011001 01011001
001011010 01011010
001011011 01011011
001011100 01011100
001011101 01011101
001011110 01011110
001011111 01011111
001100000 01100000
001100001 01100001
001100010 01100010
001100011 01100011
001100100 01100100
001100101 01100101
001100110 01100110
001100111 01100111
001101000 01101000
001101001 01101001
001101010 01101010
001101011 01101011
001101100 01101100
001101101 01101101
001101110 01101110
001101111 01101111
001110000 01110000
001110001 01110001
001110010 01110010
001110011 01110011
001110100 01110100
001110101 01110101
001110110 01110110
001110111 01110111
001111000 01111000
001111001 01111001
001111010 01111010
001111011 01111011
001111100 01111100
001111101 01111101
001111110 01111110
001111111 01111111
010000000 10000000
010000001 10000001
010000010 10000010
010000011 10000011
010000100 10000100
010000101 10000101
010000110 10000110
010000111 10000111
010001000 10001000
010001001 10001001
010001010 10001010
010001011 10001011
010001100 10001100
010001101 10001101
010001110 10001110
010001111 10001111
010010000 10010000
010010001 10010001
010010010 10010010
010010011 10010011
010010100 10010100
010010101 10010101
010010110 10010110
010010111 10010111
010011000 10011000
010011001 10011001
010011010 10011010
010011011 10011011
010011100 10011100
010011101 10011101
010011110 10011110
010011111 10011111
010100000 10100000
010100001 10100001
010100010 10100010
010100011 10100011
010100100 10100100
010100101 10100101
010100110 10100110
010100111 10100111
010101000 10101000
010101001 10101001
010101010 10101010
010101011 10101011
010101100 10101100
010101101 10101101
010101110 10101110
010101111 10101111
010110000 10110000
010110001 10110001
010110010 10110010
010110011 10110011
010110100 10110100
010110101 10110101
010110110 10110110
010110111 10110111
010111000 10111000
010111001 10111001
010111010 10111010
010111011 10111011
010111100 10111100
010111101 10111101
010111110 10111110
010111111 10111111
011000000 11000000
011000001 11000001
011000010 11000010
011000011 11000011
011000100 11000100
011000101 11000101
011000110 11000110
011000111 11000111
011001000 11001000
011001001 11001001
011001010 11001010
011001011 11001011
011001100 11001100
011001101 11001101
011001110 11001110
011001111 11001111
011010000 11010000
011010001 11010001
011010010 11010010
011010011 11010011
011010100 11010100
011010101 11010101
011010110 11010110
011010111 11010111
011011000 11011000
011011001 11011001
011011010 11011010
011011011 11011011
011011100 11011100
011011101 11011101
011011110 11011110
011011111 11011111
011100000 11100000
011100001 11100001
011100010 11100010
011100011 11100011
011100100 11100100
011100101 11100101
011100110 11100110
011100111 11100111
011101000 11101000
011101001 11101001
011101010 11101010
011101011 11101011
011101100 11101100
011101101 11101101
011101110 11101110
011101111 11101111
011110000 11110000
011110001 11110001
011110010 11110010
011110011 11110011
011110100 11110100
011110101 11110101
011110110 11110110
011110111 11110111
011111000 11111000
011111001 11111001
011111010 11111010
011111011 11111011
011111100 11111100
011111101 11111101
011111110 11111110
011111111 11111111
100000000 00000000
100000001 00000010
100000010 00000100
100000011 00000110
100000100 00001000
100000101 00001010
100000110 00001100
100000111 00001110
100001000 00010000
100001001 00010010
100001010 00010100
100001011 00010110
100001100 00011000
100001101 00011010
100001110 00011100
100001111 00011110
100010000 00100000
100010001 00100010
100010010 00100100
100010011 00100110
100010100 00101000
100010101 00101010
100010110 00101100
100010111 00101110
100011000 00110000
100011001 00110010
100011010 00110100
100011011 00110110
100011100 00111000
100011101 00111010
100011110 00111100
100011111 00111110
100100000 01000000
100100001 01000010
100100010 01000100
100100011 01000110
100100100 01001000
100100101 01001010
100100110 01001100
100100111 01001110
100101000 01010000
100101001 01010010
100101010 01010100
100101011 01010110
100101100 01011000
100101101 01011010
100101110 01011100
100101111 01011110
100110000 01100000
100110001 01100010
100110010 01100100
100110011 01100110
100110100 01101000
100110101 01101010
100110110 01101100
100110111 01101110
100111000 01110000
100111001 01110010
100111010 01110100
100111011 01110110
100111100 01111000
100111101 01111010
100111110 01111100
100111111 01111110
101000000 10000000
101000001 10000010
101000010 10000100
101000011 10000110
101000100 10001000
101000101 10001010
101000110 10001100
101000111 10001110
101001000 10010000
101001001 10010010
101001010 10010100
101001011 10010110
101001100 10011000
101001101 10011010
101001110 10011100
101001111 10011110
101010000 10100000
101010001 10100010
101010010 10100100
101010011 10100110
101010100 10101000
101010101 10101010
101010110 10101100
101010111 10101110
101011000 10110000
101011001 10110010
101011010 10110100
101011011 10110110
101011100 10111000
101011101 10111010
101011110 10111100
101011111 10111110
101100000 11000000
101100001 11000010
101100010 11000100
101100011 11000110
101100100 11001000
101100101 11001010
101100110 11001100
101100111 11001110
101101000 11010000
101101001 11010010
101101010 11010100
101101011 11010110
101101100 11011000
101101101 11011010
101101110 11011100
101101111 11011110
101110000 11100000
101110001 11100010
101110010 11100100
101110011 11100110
101110100 11101000
101110101 11101010
101110110 11101100
101110111 11101110
101111000 11110000
101111001 11110010
101111010 11110100
101111011 11110110
101111100 11111000
101111101 11111010
101111110 11111100
101111111 11111110
110000000 00000000
110000001 00000010
110000010 00000100
110000011 00000110
110000100 00001000
110000101 00001010
110000110 00001100
110000111 00001110
110001000 00010000
110001001 00010010
110001010 00010100
110001011 00010110
110001100 00011000
110001101 00011010
110001110 00011100
110001111 00011110
110010000 00100000
110010001 00100010
110010010 00100100
110010011 00100110
110010100 00101000
110010101 00101010
110010110 00101100
110010111 00101110
110011000 00110000
110011001 00110010
110011010 00110100
110011011 00110110
110011100 00111000
110011101 00111010
110011110 00111100
110011111 00111110
110100000 01000000
110100001 01000010
110100010 01000100
110100011 01000110
110100100 01001000
110100101 01001010
110100110 01001100
110100111 01001110
110101000 01010000
110101001 01010010
110101010 01010100
110101011 01010110
110101100 01011000
110101101 01011010
110101110 01011100
110101111 01011110
110110000 01100000
110110001 01100010
110110010 01100100
110110011 01100110
110110100 01101000
110110101 01101010
110110110 01101100
110110111 01101110
110111000 01110000
110111001 01110010
110111010 01110100
110111011 01110110
110111100 01111000
110111101 01111010
110111110 01111100
110111111 01111110
111000000 10000000
111000001 10000010
111000010 10000100
111000011 10000110
111000100 10001000
111000101 10001010
111000110 10001100
111000111 10001110
111001000 10010000
111001001 10010010
111001010 10010100
111001011 10010110
111001100 10011000
111001101 10011010
111001110 10011100
111001111 10011110
111010000 10100000
111010001 10100010
111010010 10100100
111010011 10100110
111010100 10101000
111010101 10101010
111010110 10101100
111010111 10101110
111011000 10110000
111011001 10110010
111011010 10110100
111011011 10110110
111011100 10111000
111011101 10111010
111011110 10111100
111011111 10111110
111100000 11000000
111100001 11000010
111100010 11000100
111100011 11000110
111100100 11001000
111100101 11001010
111100110 11001100
111100111 11001110
111101000 11010000
111101001 11010010
111101010 11010100
111101011 11010110
111101100 11011000
111101101 11011010
111101110 11011100
111101111 11011110
111110000 11100000
111110001 11100010
111110010 11100100
111110011 11100110
111110100 11101000
111110101 11101010
111110110 11101100
111110111 11101110
111111000 11110000
111111001 11110010
111111010 11110100
111111011 11110110
111111100 11111000
111111101 11111010
111111110 11111100
111111111 11111110
