00000 000000
00001 000000
10000 000000
10001 000000
00000 000000
00001 000000
00010 000000
00011 111111
00010 111111
00011 000000
00100 000000
00101 000100
00100 000100
00101 000110
00100 000110
00101 000111
00100 000111
00101 000000
00110 000000
00111 111111
00110 111111
00111 000000
01000 000000
01001 100000
01000 100000
01001 110000
01000 110000
01001 111000
01000 111000
01001 000000
01010 000000
01011 111111
01010 111111
01011 000000
01100 000000
01101 111111
01100 111111
01101 000000
01110 000000
01111 111111
01110 111111
01111 000000
