00000000 000000
00000001 000000
00000010 000000
00000011 000000
00010000 000001
00010001 000001
00010010 000001
00010011 000001
00100000 000010
00100001 000010
00100010 000010
00100011 000010
00110000 000011
00110001 000011
00110010 000011
00110011 000011
01000000 000100
01000001 000100
01000010 000100
01000011 000100
01010000 000101
01010001 000101
01010010 000101
01010011 000101
01100000 000110
01100001 000110
01100010 000110
01100011 000110
01110000 000111
01110001 000111
01110010 000111
01110011 000111
10000000 001000
10000001 001000
10000010 001000
10000011 001000
10010000 001001
10010001 001001
10010010 001001
10010011 001001
10100000 010000
10100001 010000
10100010 010000
10100011 010000
10110000 010001
10110001 010001
10110010 010001
10110011 010001
11000000 010010
11000001 010010
11000010 010010
11000011 010010
11010000 010011
11010001 010011
11010010 010011
11010011 010011
11100000 010100
11100001 010100
11100010 010100
11100011 010100
11110000 010101
11110001 010101
11110010 010101
11110011 010101
00000100 000000
00000101 000000
00000110 000000
00000111 000000
00010100 000010
00010101 000010
00010110 000010
00010111 000010
00100100 000100
00100101 000100
00100110 000100
00100111 000100
00110100 000110
00110101 000110
00110110 000110
00110111 000110
01000100 001000
01000101 001000
01000110 001000
01000111 001000
01010100 001010
01010101 001010
01010110 001010
01010111 001010
01100100 001100
01100101 001100
01100110 001100
01100111 001100
01110100 001110
01110101 001110
01110110 001110
01110111 001110
10000100 010000
10000101 010000
10000110 010000
10000111 010000
10010100 010010
10010101 010010
10010110 010010
10010111 010010
10100100 010100
10100101 010100
10100110 010100
10100111 010100
10110100 010110
10110101 010110
10110110 010110
10110111 010110
11000100 011000
11000101 011000
11000110 011000
11000111 011000
11010100 011010
11010101 011010
11010110 011010
11010111 011010
11100100 011100
11100101 011100
11100110 011100
11100111 011100
11110100 011110
11110101 011110
11110110 011110
11110111 011110
00001000 000000
00001001 000000
00001010 000000
00001011 000000
00011000 000000
00011001 000001
00011010 000000
00011011 000001
00101000 000000
00101001 000000
00101010 000010
00101011 000010
00111000 000000
00111001 000001
00111010 000010
00111011 000011
01001000 000000
01001001 000000
01001010 000000
01001011 000000
01011000 000000
01011001 000001
01011010 000000
01011011 000001
01101000 000000
01101001 000000
01101010 000010
01101011 000010
01111000 000000
01111001 000001
01111010 000010
01111011 000011
10001000 001000
10001001 001000
10001010 001000
10001011 001000
10011000 001000
10011001 001001
10011010 001000
10011011 001001
10101000 001000
10101001 001000
10101010 001010
10101011 001010
10111000 001000
10111001 001001
10111010 001010
10111011 001011
11001000 001000
11001001 001000
11001010 001000
11001011 001000
11011000 001000
11011001 001001
11011010 001000
11011011 001001
11101000 001000
11101001 001000
11101010 001010
11101011 001010
11111000 001000
11111001 001001
11111010 001010
11111011 001011
00001100 000000
00001101 000000
00001110 000000
00001111 000000
00011100 000000
00011101 000000
00011110 000000
00011111 000000
00101100 000000
00101101 000000
00101110 000000
00101111 000000
00111100 000000
00111101 000000
00111110 000000
00111111 000000
01001100 000000
01001101 000000
01001110 000000
01001111 000000
01011100 000000
01011101 000000
01011110 000000
01011111 000000
01101100 000000
01101101 000000
01101110 000000
01101111 000000
01111100 000000
01111101 000000
01111110 000000
01111111 000000
10001100 000000
10001101 000000
10001110 000000
10001111 000000
10011100 000000
10011101 000000
10011110 000000
10011111 000000
10101100 000000
10101101 000000
10101110 000000
10101111 000000
10111100 000000
10111101 000000
10111110 000000
10111111 000000
11001100 001100
11001101 000000
11001110 000000
11001111 000000
11011100 000000
11011101 001101
11011110 000000
11011111 000000
11101100 000000
11101101 000000
11101110 001110
11101111 000000
11111100 000000
11111101 000000
11111110 000000
11111111 001111
